================================================================================
DEMONSTRATING EMERGENT ATTRIBUTION (MUTUAL DEFLECTION) OF TWO 3D GLIDERS
================================================================================
Loading glider from: C:\Users\thomas\Projekte\rdf_digital_physic\archive\iter_224\results\glider_00_lut08_sub03.json
Initial bits vacuum : 8
Initial bits dynamic: 8

Trajectories & Emergent Deflection Table:
--------------------------------------------------------------------------------------------------------------
Step  |  Y1 Vac  |  Y1 Dyn  |  Defl Y1  |  Y2 Vac  |  Y2 Dyn  |  Defl Y2  | Dist Vac  | Dist Dyn 
--------------------------------------------------------------------------------------------------------------
  0   | 12.7500  | 12.7500  |   +0.0000 | 18.7500  | 18.7500  |   +0.0000 |  6.0000   |  6.0000  
  5   | 13.2500  | 13.2500  |   +0.0000 | 19.2500  | 19.2500  |   +0.0000 |  6.0000   |  6.0000  
 10   | 12.7500  | 12.7500  |   +0.0000 | 18.7500  | 18.7500  |   +0.0000 |  6.0000   |  6.0000  
 15   | 13.2500  | 13.2500  |   +0.0000 | 19.2500  | 19.2500  |   +0.0000 |  6.0000   |  6.0000  
 20   | 12.7500  | 12.7500  |   +0.0000 | 18.7500  | 18.7500  |   +0.0000 |  6.0000   |  6.0000  
 25   | 13.2500  | 13.2500  |   +0.0000 | 19.2500  | 19.2500  |   +0.0000 |  6.0000   |  6.0000  
 30   | 12.7500  | 12.7500  |   +0.0000 | 18.7500  | 18.7500  |   +0.0000 |  6.0000   |  6.0000  
 35   | 13.2500  | 13.2500  |   +0.0000 | 19.2500  | 19.2500  |   +0.0000 |  6.0000   |  6.0000  
 40   | 12.7500  | 12.7500  |   +0.0000 | 18.7500  | 18.7500  |   +0.0000 |  6.0000   |  6.0000  
 45   | 13.2500  | 13.2500  |   +0.0000 | 19.2500  | 19.2500  |   +0.0000 |  6.0000   |  6.0000  
 50   | 12.7500  | 12.7500  |   +0.0000 | 18.7500  | 18.7500  |   +0.0000 |  6.0000   |  6.0000  
 55   | 13.2500  | 13.2500  |   +0.0000 | 19.2500  | 19.2500  |   +0.0000 |  6.0000   |  6.0000  
 60   | 12.7500  | 12.7500  |   +0.0000 | 18.7500  | 18.7500  |   +0.0000 |  6.0000   |  6.0000  
 65   | 13.2500  | 13.2500  |   +0.0000 | 19.2500  | 19.2500  |   +0.0000 |  6.0000   |  6.0000  
 70   | 12.7500  | 12.7500  |   +0.0000 | 18.7500  | 18.7500  |   +0.0000 |  6.0000   |  6.0000  
 75   | 13.2500  | 13.2500  |   +0.0000 | 19.2500  | 19.2500  |   +0.0000 |  6.0000   |  6.0000  
 80   | 12.7500  | 12.7500  |   +0.0000 | 18.7500  | 18.7500  |   +0.0000 |  6.0000   |  6.0000  
--------------------------------------------------------------------------------------------------------------

Saved attraction summary to: C:\Users\thomas\Projekte\rdf_digital_physic\archive\iter_230\results\attraction_summary.json

[INFO] Run finished, but no mutual attraction observed. Check parameter alignment.
