LONG-TERM SUSTAINED BOUND STATE REPORT (PERMUTATION 10)
=====================================================

Step | Active Bits | Active Sep | Active Status | Control Bits | Control Sep | Control Status
--------------------------------------------------------------------------------------------
   0 |           8 |     2.7456 | ok            |            8 |      2.7456 | ok            
   1 |           8 |     2.7456 | ok            |            8 |      2.7456 | ok            
   2 |           8 |     2.8927 | ok            |            8 |      2.7456 | ok            
   3 |           8 |     2.7456 | ok            |            8 |      2.7456 | ok            
   4 |           8 |     2.7947 | ok            |            8 |      2.7456 | ok            
   5 |           8 |     2.7456 | ok            |            8 |      2.7456 | ok            
   6 |           8 |     2.8927 | ok            |            8 |      2.7456 | ok            
   7 |           8 |     2.7456 | ok            |            8 |      2.7456 | ok            
   8 |           8 |     2.7947 | ok            |            8 |      2.7456 | ok            
   9 |           8 |     2.7456 | ok            |            8 |      2.7456 | ok            
  10 |           8 |     2.8927 | ok            |            8 |      2.7456 | ok            
  11 |           8 |     2.7456 | ok            |            8 |      2.7456 | ok            
  12 |           8 |     2.7947 | ok            |            8 |      2.7456 | ok            
  13 |           8 |     2.7456 | ok            |            8 |      2.7456 | ok            
  14 |           8 |     2.8927 | ok            |            8 |     22.5253 | ok            
  15 |           8 |     2.7456 | ok            |            8 |     22.3834 | ok            
  16 |           8 |     2.7947 | ok            |            8 |     22.4357 | ok            
  17 |           8 |     2.7456 | ok            |            8 |     22.4133 | ok            
  18 |           8 |     2.8927 | ok            |            8 |      2.7456 | ok            
  19 |           8 |     2.7456 | ok            |            8 |      2.7456 | ok            
  20 |           8 |     2.7947 | ok            |            8 |      2.7456 | ok            
  21 |           8 |     2.7456 | ok            |            8 |      2.7456 | ok            
  22 |           8 |     2.8927 | ok            |            8 |      2.7456 | ok            
  23 |           8 |     2.7456 | ok            |            8 |      2.7456 | ok            
  24 |           8 |     2.7947 | ok            |            8 |      2.7456 | ok            
  25 |           8 |     2.7456 | ok            |            8 |      2.7456 | ok            
  26 |           8 |    22.0491 | ok            |            8 |      2.7456 | ok            
  27 |           8 |    22.1331 | ok            |            8 |      2.7456 | ok            
  28 |           8 |    22.3292 | ok            |            8 |      2.7456 | ok            
  29 |           8 |    22.3572 | ok            |            8 |      2.7456 | ok            
  30 |           8 |    22.1873 | ok            |            8 |      2.7456 | ok            
  31 |           8 |    22.3049 | ok            |            8 |     14.0158 | ok            
  32 |           8 |    22.3965 | ok            |            8 |     16.0815 | ok            
  33 |           8 |    22.4618 | ok            |            8 |     16.0815 | ok            
  34 |           8 |    22.3292 | ok            |            8 |     16.0815 | ok            
  35 |           8 |     2.7456 | ok            |            8 |     17.0341 | ok            
  36 |           8 |     2.7947 | ok            |            8 |      2.7456 | ok            
  37 |           8 |     2.7456 | ok            |            8 |      2.7456 | ok            
  38 |           8 |     2.8927 | ok            |            8 |      2.7456 | ok            
  39 |           8 |     2.7456 | ok            |            8 |      2.7456 | ok            
  40 |           8 |     2.7947 | ok            |            8 |      2.7456 | ok            
  41 |           8 |     2.7456 | ok            |            8 |      2.7456 | ok            
  42 |           8 |     2.8927 | ok            |            8 |      2.7456 | ok            
  43 |           8 |     2.7456 | ok            |            8 |      2.7456 | ok            
  44 |           8 |     2.7947 | ok            |            8 |      2.7456 | ok            
  45 |           8 |     2.7456 | ok            |            8 |      2.7456 | ok            
  46 |           8 |     2.8927 | ok            |            8 |     22.5253 | ok            
  47 |           8 |     2.7456 | ok            |            8 |     22.3834 | ok            
  48 |           8 |     2.7947 | ok            |            8 |     22.4357 | ok            
  49 |           8 |     2.7456 | ok            |            8 |     22.4133 | ok            
  50 |           8 |     2.8927 | ok            |            8 |      2.7456 | ok            
  51 |           8 |     2.7456 | ok            |            8 |      2.7456 | ok            
  52 |           8 |     2.7947 | ok            |            8 |      2.7456 | ok            
  53 |           8 |     2.7456 | ok            |            8 |      2.7456 | ok            
  54 |           8 |     2.8927 | ok            |            8 |      2.7456 | ok            
  55 |           8 |     2.7456 | ok            |            8 |      2.7456 | ok            
  56 |           8 |     2.7947 | ok            |            8 |      2.7456 | ok            
  57 |           8 |     2.7456 | ok            |            8 |      2.7456 | ok            
  58 |           8 |     2.8927 | ok            |            8 |      2.7456 | ok            
  59 |           8 |     2.7456 | ok            |            8 |      2.7456 | ok            
  60 |           8 |     2.7947 | ok            |            8 |      2.7456 | ok            
  61 |           8 |     9.6097 | ok            |            8 |      2.7456 | ok            
  62 |           8 |    13.8981 | ok            |            8 |      2.7456 | ok            
  63 |           8 |    16.1861 | ok            |            8 |      2.7456 | ok            
  64 |           8 |    16.0325 | ok            |            8 |      2.7456 | ok            
  65 |           8 |    16.0815 | ok            |            8 |      2.7456 | ok            
  66 |           8 |    14.3655 | ok            |            8 |      2.7456 | ok            
  67 |           8 |    14.5126 | ok            |            8 |      2.7456 | ok            
  68 |           8 |    17.1406 | ok            |            8 |      2.7456 | ok            
  69 |           8 |    17.1798 | ok            |            8 |      2.7456 | ok            
  70 |           8 |    10.0346 | ok            |            8 |      2.7456 | ok            
  71 |           8 |    17.2022 | ok            |            8 |      2.7456 | ok            
  72 |           8 |     2.7947 | ok            |            8 |      2.7456 | ok            
  73 |           8 |     2.7456 | ok            |            8 |      2.7456 | ok            
  74 |           8 |     2.8927 | ok            |            8 |      2.7456 | ok            
  75 |           8 |     2.7456 | ok            |            8 |      2.7456 | ok            
  76 |           8 |     2.7947 | ok            |            8 |      2.7456 | ok            
  77 |           8 |     2.7456 | ok            |            8 |      2.7456 | ok            
  78 |           8 |     2.8927 | ok            |            8 |     22.5253 | ok            
  79 |           8 |     2.7456 | ok            |            8 |     22.3834 | ok            
  80 |           8 |     2.7947 | ok            |            8 |     22.4357 | ok            
  81 |           8 |     2.7456 | ok            |            8 |     22.4133 | ok            
  82 |           8 |     2.8927 | ok            |            8 |      2.7456 | ok            
  83 |           8 |     2.7456 | ok            |            8 |      2.7456 | ok            
  84 |           8 |     2.7947 | ok            |            8 |      2.7456 | ok            
  85 |           8 |     2.7456 | ok            |            8 |      2.7456 | ok            
  86 |           8 |     2.8927 | ok            |            8 |      2.7456 | ok            
  87 |           8 |     2.7456 | ok            |            8 |      2.7456 | ok            
  88 |           8 |     2.7947 | ok            |            8 |      2.7456 | ok            
  89 |           8 |     2.7456 | ok            |            8 |      2.7456 | ok            
  90 |           8 |    22.0491 | ok            |            8 |      2.7456 | ok            
  91 |           8 |    22.1331 | ok            |            8 |      2.7456 | ok            
  92 |           8 |    22.3292 | ok            |            8 |      2.7456 | ok            
  93 |           8 |    22.3572 | ok            |            8 |      2.7456 | ok            
  94 |           8 |    22.1873 | ok            |            8 |      2.7456 | ok            
  95 |           8 |    22.3049 | ok            |            8 |     14.0158 | ok            
  96 |           8 |    22.3965 | ok            |            8 |     16.0815 | ok            
  97 |           8 |    22.4618 | ok            |            8 |     16.0815 | ok            
  98 |           8 |    22.3292 | ok            |            8 |     16.0815 | ok            
  99 |           8 |     2.7456 | ok            |            8 |     17.0341 | ok            
 100 |           8 |     2.7947 | ok            |            8 |      2.7456 | ok            
 101 |           8 |     2.7456 | ok            |            8 |      2.7456 | ok            
 102 |           8 |     2.8927 | ok            |            8 |      2.7456 | ok            
 103 |           8 |     2.7456 | ok            |            8 |      2.7456 | ok            
 104 |           8 |     2.7947 | ok            |            8 |      2.7456 | ok            
 105 |           8 |     2.7456 | ok            |            8 |      2.7456 | ok            
 106 |           8 |     2.8927 | ok            |            8 |      2.7456 | ok            
 107 |           8 |     2.7456 | ok            |            8 |      2.7456 | ok            
 108 |           8 |     2.7947 | ok            |            8 |      2.7456 | ok            
 109 |           8 |     2.7456 | ok            |            8 |      2.7456 | ok            
 110 |           8 |     2.8927 | ok            |            8 |     22.5253 | ok            
 111 |           8 |     2.7456 | ok            |            8 |     22.3834 | ok            
 112 |           8 |     2.7947 | ok            |            8 |     22.4357 | ok            
 113 |           8 |     2.7456 | ok            |            8 |     22.4133 | ok            
 114 |           8 |     2.8927 | ok            |            8 |      2.7456 | ok            
 115 |           8 |     2.7456 | ok            |            8 |      2.7456 | ok            
 116 |           8 |     2.7947 | ok            |            8 |      2.7456 | ok            
 117 |           8 |     2.7456 | ok            |            8 |      2.7456 | ok            
 118 |           8 |     2.8927 | ok            |            8 |      2.7456 | ok            
 119 |           8 |     2.7456 | ok            |            8 |      2.7456 | ok            
 120 |           8 |     2.7947 | ok            |            8 |      2.7456 | ok            
 121 |           8 |     2.7456 | ok            |            8 |      2.7456 | ok            
 122 |           8 |     2.8927 | ok            |            8 |      2.7456 | ok            
 123 |           8 |     2.7456 | ok            |            8 |      2.7456 | ok            
 124 |           8 |     2.7947 | ok            |            8 |      2.7456 | ok            
 125 |           8 |     2.7456 | ok            |            8 |      2.7456 | ok            
 126 |           8 |     2.8927 | ok            |            8 |      2.7456 | ok            
 127 |           8 |     2.7456 | ok            |            8 |      2.7456 | ok            
 128 |           8 |     2.7947 | ok            |            8 |      2.7456 | ok            
 129 |           8 |     2.7456 | ok            |            8 |      2.7456 | ok            
 130 |           8 |     2.8927 | ok            |            8 |      2.7456 | ok            
 131 |           8 |     2.7456 | ok            |            8 |      2.7456 | ok            
 132 |           8 |     2.7947 | ok            |            8 |      2.7456 | ok            
 133 |           8 |     2.7456 | ok            |            8 |      2.7456 | ok            
 134 |           8 |     2.8927 | ok            |            8 |      2.7456 | ok            
 135 |           8 |     2.7456 | ok            |            8 |      2.7456 | ok            
 136 |           8 |     2.7947 | ok            |            8 |      2.7456 | ok            
 137 |           8 |     2.7456 | ok            |            8 |      2.7456 | ok            
 138 |           8 |     2.8927 | ok            |            8 |      2.7456 | ok            
 139 |           8 |     2.7456 | ok            |            8 |      2.7456 | ok            
 140 |           8 |     2.7947 | ok            |            8 |      2.7456 | ok            
 141 |           8 |     2.7456 | ok            |            8 |      2.7456 | ok            
 142 |           8 |     2.8927 | ok            |            8 |     22.5253 | ok            
 143 |           8 |     2.7456 | ok            |            8 |     22.3834 | ok            
 144 |           8 |     2.7947 | ok            |            8 |     22.4357 | ok            
 145 |           8 |     2.7456 | ok            |            8 |     22.4133 | ok            
 146 |           8 |     2.8927 | ok            |            8 |      2.7456 | ok            
 147 |           8 |     2.7456 | ok            |            8 |      2.7456 | ok            
 148 |           8 |     2.7947 | ok            |            8 |      2.7456 | ok            
 149 |           8 |     2.7456 | ok            |            8 |      2.7456 | ok            
 150 |           8 |     2.8927 | ok            |            8 |      2.7456 | ok            
 151 |           8 |     2.7456 | ok            |            8 |      2.7456 | ok            
 152 |           8 |     2.7947 | ok            |            8 |      2.7456 | ok            
 153 |           8 |     2.7456 | ok            |            8 |      2.7456 | ok            
 154 |           8 |    22.0491 | ok            |            8 |      2.7456 | ok            
 155 |           8 |    22.1331 | ok            |            8 |      2.7456 | ok            
 156 |           8 |    22.3292 | ok            |            8 |      2.7456 | ok            
 157 |           8 |    22.3572 | ok            |            8 |      2.7456 | ok            
 158 |           8 |    22.1873 | ok            |            8 |      2.7456 | ok            
 159 |           8 |    22.3049 | ok            |            8 |     14.0158 | ok            
 160 |           8 |    22.3965 | ok            |            8 |     16.0815 | ok            
